(base) yamauchitakuya@yamauchitakuyanoMacBook-Pro python % python3 retsukobai2.py
end [ 2.375       0.45396825  0.         -2.82896825  0.        ]
5.203968253968253

(base) yamauchitakuya@yamauchitakuyanoMacBook-Pro python % python3 retsukobai2.py 
25	 [ 2.79543651  0.83679278 -0.26620979 -3.36601951  0.        ]
50	 [ 3.00299419  1.02072664 -0.3459457  -3.67777513  0.        ]
75	 [ 3.1194294   1.11682101 -0.36218791 -3.8740625   0.        ]
100	 [ 3.20074146  1.1981555  -0.39812578 -4.00077118  0.        ]
end [ 3.20074146  1.1981555  -0.39812578 -4.00077118  0.        ]
6.596281283998132

(base) yamauchitakuya@yamauchitakuyanoMacBook-Pro python % python3 retsukobai2.py
25	 [ 2.79543651  0.83679278 -0.26620979 -3.36601951  0.        ]
50	 [ 3.00299419  1.02072664 -0.3459457  -3.67777513  0.        ]
75	 [ 3.1194294   1.11682101 -0.36218791 -3.8740625   0.        ]
100	 [ 3.20074146  1.1981555  -0.39812578 -4.00077118  0.        ]
125	 [ 3.26335325  1.26077744 -0.42444668 -4.099684    0.        ]
150	 [ 3.31422013  1.30498307 -0.43160186 -4.18760134  0.        ]
175	 [ 3.357097    1.34881556 -0.45039272 -4.25551984  0.        ]
200	 [ 3.38918928  1.39164909 -0.46635518 -4.31448319  0.        ]
225	 [ 3.42240432  1.41984051 -0.47110683 -4.37113799  0.        ]
250	 [ 3.45200445  1.4494417  -0.48392643 -4.41751972  0.        ]
275	 [ 3.47871398  1.47615201 -0.4952739  -4.4595921   0.        ]
300	 [ 3.50303513  1.49714042 -0.49872993 -4.50144562  0.        ]
end [ 3.50633546  1.50048468 -0.50205226 -4.50476788  0.        ]
7.000000000000001