It     pcost       dcost      gap   pres   dres    k/t    mu     step   sigma     IR    |   BT
 0  -7.194e-01  -2.272e+02  +2e+03  2e-01  7e-01  1e+00  7e+00    ---    ---    1  1  - |  -  - 
 1  +5.007e+00  -5.590e+01  +6e+02  6e-02  2e-01  9e-01  2e+00  0.7603  1e-01   1  1  1 |  0  0
 2  +8.609e+00  -1.050e+01  +2e+02  2e-02  7e-02  4e-01  8e-01  0.7237  8e-02   1  1  1 |  0  0
 3  +9.992e+00  +4.581e+00  +6e+01  5e-03  2e-02  1e-01  3e-01  0.7071  3e-02   1  1  1 |  0  0
 4  +9.473e+00  +7.280e+00  +3e+01  2e-03  9e-03  4e-02  1e-01  0.6406  1e-01   1  1  1 |  0  0
 5  +8.985e+00  +8.285e+00  +1e+01  6e-04  3e-03  1e-02  4e-02  0.7256  1e-01   1  1  1 |  0  0
 6  +8.726e+00  +8.576e+00  +2e+00  1e-04  6e-04  3e-03  9e-03  0.8319  6e-02   1  1  1 |  0  0
 7  +8.720e+00  +8.638e+00  +1e+00  7e-05  4e-04  2e-03  5e-03  0.7486  4e-01   1  1  1 |  0  0
 8  +8.674e+00  +8.672e+00  +3e-02  1e-06  8e-06  3e-05  1e-04  0.9785  1e-04   1  1  1 |  0  0
 9  +8.673e+00  +8.673e+00  +3e-04  2e-08  8e-08  4e-07  1e-06  0.9890  1e-04   1  0  0 |  0  0
10  +8.673e+00  +8.673e+00  +3e-06  2e-10  9e-10  4e-09  1e-08  0.9890  1e-04   1  0  0 |  0  0
11  +8.673e+00  +8.673e+00  +3e-08  2e-12  1e-11  5e-11  1e-10  0.9890  1e-04   1  0  0 |  0  0

OPTIMAL (within feastol=1.0e-11, reltol=4.0e-09, abstol=3.5e-08).
Runtime: 0.000622 seconds.


ECOS 2.0.10 - (C) embotech GmbH, Zurich Switzerland, 2012-15. Web: www.embotech.com/ECOS

It     pcost       dcost      gap   pres   dres    k/t    mu     step   sigma     IR    |   BT
 0  -7.000e-01  -2.272e+02  +2e+03  2e-01  7e-01  1e+00  7e+00    ---    ---    1  1  - |  -  - 
 1  +5.029e+00  -5.696e+01  +6e+02  6e-02  2e-01  9e-01  2e+00  0.7587  1e-01   1  1  1 |  0  0
 2  +8.846e+00  -9.180e+00  +2e+02  2e-02  7e-02  4e-Robust optimization=[0.33955, 0.31985, 0.213, 0.2838, 0.213, 0.2465, 0.22935, 0.22935, 0.2122, 0.2122, 0.2122, 0.2028, 0.18335, 0.08225, 0.123, 0.0752, 0.08225, 0.13435, 0.123, 0.1101, 0.075, 0.075, 0.08225, 0.08225, 0.08225, 0.075, 0.075, 0.0374, 0.0375, 0.03965, 0.03455, 0.0323, 0.0375, 0.03965, 0.0375, 0.03365, 0.03365, 0.02825, 0.0244, 0.0244, 0.02205]
Robustness optimization=[0.32085, 0.32085, 0.2113, 0.2122, 0.2122, 0.2122, 0.2122, 0.213, 0.213, 0.2122, 0.2122, 0.18235, 0.18235, 0.0759, 0.0752, 0.075, 0.075, 0.0759, 0.0752, 0.075, 0.075, 0.0752, 0.075, 0.075, 0.0759, 0.075, 0.075, 0.0323, 0.0323, 0.0323, 0.0323, 0.0323, 0.0323, 0.0323, 0.0323, 0.0323, 0.0323, 0.02485, 0.02595, 0.02545, 0.00925]
Processing time: 29.8886 seconds
01  8e-01  0.7666  1e-01   1  1  1 |  0  0
 3  +9.722e+00  +5.328e+00  +5e+01  4e-03  2e-02  7e-02  2e-01  0.7252  2e-02   1  1  1 |  0  0
 4  +8.731e+00  +7.243e+00  +2e+01  1e-03  7e-03  3e-02  8e-02  0.7556  2e-01   1  1  1 |  0  0
 5  +8.224e+00  +7.669e+00  +8e+00  4e-04  3e-03  1e-02  3e-02  0.6727  1e-01   1  1  1 |  0  0
 6  +8.123e+00  +7.831e+00  +5e+00  2e-04  2e-03  5e-03  2e-02  0.5737  2e-01   1  1  1 |  0  0
 7  +7.957e+00  +7.890e+00  +1e+00  5e-05  4e-04  1e-03  4e-03  0.7850  2e-02   1  1  1 |  0  0
 8  +7.939e+00  +7.910e+00  +5e-01  2e-05  2e-04  5e-04  2e-03  0.9890  4e-01   1  1  1 |  0  0
 9  +7.913e+00  +7.912e+00  +1e-02  5e-07  4e-06  1e-05  4e-05  0.9787  2e-04   1  0  1 |  0  0
10  +7.912e+00  +7.912e+00  +1e-04  5e-09  4e-08  1e-07  4e-07  0.9890  1e-04   1  0  0 |  0  0
11  +7.912e+00  +7.912e+00  +1e-06  6e-11  4e-10  1e-09  5e-09  0.9890  1e-04   1  0  0 |  0  0
12  +7.912e+00  +7.912e+00  +1e-08  7e-13  5e-12  1e-11  5e-11  0.9890  1e-04   1  0  0 |  0  0

OPTIMAL (within feastol=4.8e-12, reltol=1.7e-09, abstol=1.4e-08).
Runtime: 0.000664 seconds.

69 	7.88 		7.89 		0.01