ECOS 2.0.10 - (C) embotech GmbH, Zurich Switzerland, 2012-15. Web: www.embotech.com/ECOS

It     pcost       dcost      gap   pres   dres    k/t    mu     step   sigma     IR    |   BT
 0  -5.066e-01  -2.442e+02  +2e+03  2e-01  7e-01  1e+00  7e+00    ---    ---    1  1  - |  -  - 
 1  +5.838e+00  -7.735e+01  +7e+02  8e-02  3e-01  2e+00  3e+00  0.8124  2e-01   1  1  1 |  0  0
 2  +9.825e+00  -1.265e+01  +2e+02  2e-02  8e-02  6e-01  8e-01  0.7782  1e-01   1  1  1 |  0  0
 3  +1.020e+01  +6.817e+00  +4e+01  3e-03  1e-02  5e-02  2e-01  0.8169  1e-02   1  1  1 |  0  0
 4  +9.174e+00  +7.670e+00  +2e+01  1e-03  7e-03  3e-02  8e-02  0.6224  2e-01   1  1  1 |  0  0
 5  +8.730e+00  +8.049e+00  +1e+01  5e-04  4e-03  1e-02  4e-02  0.5980  1e-01   1  1  1 |  0  0
 6  +8.443e+00  +8.136e+00  +5e+00  2e-04  2e-03  5e-03  2e-02  0.6317  1e-01   1  1  1 |  0  0
 7  +8.279e+00  +8.179e+00  +2e+00  7e-05  6e-04  2e-03  6e-03  0.7053  5e-02   1  1  1 |  0  0
 8  +8.222e+00  +8.197e+00  +4e-01  2e-05  1e-04  4e-04  2e-03  0.9890  2e-01   1  1  1 |  0  0
 9  +8.202e+00  +8.199e+00  +5e-02  2e-06  2e-05  4e-05  2e-04  0.8963  1e-02   1  0  1 |  0  0
10  +8.200e+00  +8.200e+00  +2e-03  8e-08  6e-07  2e-06  6e-06  0.9812  2e-02   1  0  0 |  0  0
11  +8.200e+00  +8.200e+00  +2e-05  9e-10  7e-09  2e-08  7e-08  0.9890  1e-04   1  0  0 |  0  0
12  +8.200e+00  +8.200e+00  +2e-07  9e-12  8e-11  2e-10  8e-10  0.9890  1e-04   1  0  0 |  0  0
13  +8.200e+00  +8.200e+00  +2e-09  1e-13  8e-13  2e-12  9e-12  0.9890  1e-04   1  0  0 |  0  0

OPTIMAL (within feastol=8.4e-13, reltol=3.0e-10, abstol=2.4e-09).
Runtime: 0.000779 seconds.

414 	8.02 		8.03 		0.01

ECOS 2.0.10 - (C) embotech GmbH, Zurich Switzerland, 2012-15. Web: www.embotech.com/ECOS

It     pcost       dcost      gap   pres   dres    k/t    mu     step   sigma     IR    |   BT
 0  -5.273e-01  -2.442e+02  +2e+03  2e-01  7e-01  1e+00  7e+00    ---    ---    1  1  - |  -  - 
 1  +5.724e+00  -7.582e+01  +7e+02  8e-02  3e-01  2e+00  3e+00  0.8069  2e-01   1  1  1 |  0  0
 2  +9.556e+00  -1.314e+01  +2e+02  2e-02  8e-02  6e-01  8e-01  0.7689  1e-01   1  1  1 |  0  0
 3  +9.992e+00  +5.334e+00  +6e+01  4e-03  2e-02  9e-02  2e-01  0.7556  1e-02   1  1  1 |  0  0
 4  +9.057e+00  +7.381e+00  +3e+01  1e-03  8e-03  3e-02  Robust optimization=[0.3284, 0.3123, 0.2899, 0.25855, 0.2394, 0.2584, 0.20975, 0.2071, 0.20975, 0.2071, 0.19325, 0.11635, 0.1635, 0.1504, 0.11635, 0.11635, 0.11635, 0.11635, 0.11635, 0.11635, 0.08335, 0.0923, 0.08335, 0.0844, 0.0765, 0.0675, 0.069, 0.0608, 0.0608, 0.05295, 0.0332, 0.05205, 0.04785, 0.04175, 0.04105, 0.03255, 0.03255, 0.03255, 0.0324, 0.02785, 0.0252]
Robustness optimization=[0.32925, 0.2082, 0.20975, 0.20975, 0.2082, 0.2082, 0.2082, 0.2071, 0.2071, 0.2082, 0.11635, 0.11635, 0.11635, 0.11635, 0.11635, 0.11635, 0.11635, 0.11635, 0.11635, 0.11635, 0.08335, 0.0854, 0.0844, 0.0854, 0.0608, 0.0608, 0.0608, 0.0608, 0.0608, 0.03265, 0.0326, 0.0328, 0.03255, 0.0332, 0.0328, 0.03255, 0.0326, 0.03255, 0.0326, 0.0213, 0.02085]
Processing time: 52.6774 seconds
9e-02  0.6744  2e-01   1  1  1 |  0  0
 5  +8.531e+00  +7.904e+00  +1e+01  5e-04  3e-03  1e-02  4e-02  0.6400  6e-02   1  1  1 |  0  0
 6  +8.342e+00  +7.969e+00  +6e+00  3e-04  2e-03  7e-03  2e-02  0.5480  3e-01   1  1  1 |  0  0
 7  +8.159e+00  +8.031e+00  +2e+00  9e-05  7e-04  2e-03  8e-03  0.7214  9e-02   1  1  1 |  0  0
 8  +8.065e+00  +8.058e+00  +1e-01  5e-06  4e-05  1e-04  4e-04  0.9890  5e-02   1  1  1 |  0  0
 9  +8.059e+00  +8.059e+00  +1e-03  6e-08  4e-07  1e-06  5e-06  0.9890  1e-04   1  0  0 |  0  0
10  +8.059e+00  +8.059e+00  +2e-05  7e-10  5e-09  1e-08  5e-08  0.9890  1e-04   1  0  0 |  0  0
11  +8.059e+00  +8.059e+00  +2e-07  7e-12  5e-11  2e-10  6e-10  0.9890  1e-04   1  0  0 |  0  0
12  +8.059e+00  +8.059e+00  +2e-09  8e-14  6e-13  2e-12  7e-12  0.9890  1e-04   1  0  0 |  0  0

OPTIMAL (within feastol=6.0e-13, reltol=2.3e-10, abstol=1.9e-09).
Runtime: 0.000738 seconds.


ECOS 2.0.10 - (C) embotech GmbH, Zurich Switzerland, 2012-15. Web: www.embotech.com/ECOS

It     pcost       dcost      gap   pres   dres    k/t    mu     step   sigma     IR    |   BT
 0  -5.066e-01  -2.442e+02  +2e+03  2e-01  7e-01  1e+00  7e+00    ---    ---    1  1  - |  -  - 
 1  +5.838e+00  -7.735e+01  +7e+02  8e-02  3e-01  2e+00  3e+00  0.8124  2e-01   1  1  1 |  0  0
 2  +9.825e+00  -1.265e+01  +2e+02  2e-02  8e-02  6e-01  8e-01  0.7782  1e-01   1  1  1 |  0  0
 3  +1.020e+01  +6.817e+00  +4e+01  3e-03  1e-02  5e-02  2e-01  0.8169  1e-02   1  1  1 |  0  0
 4  +9.174e+00  +7.670e+00  +2e+01  1e-03  7e-03  3e-02  8e-02  0.6224  2e-01   1  1  1 |  0  0
 5  +8.730e+00  +8.049e+00  +1e+01  5e-04  4e-03  1e-02  4e-02  0.5980  1e-01   1  1  1 |  0  0
 6  +8.443e+00  +8.136e+00  +5e+00  2e-04  2e-03  5e-03  2e-02  0.6317  1e-01   1  1  1 |  0  0
 7  +8.279e+00  +8.179e+00  +2e+00  7e-05  6e-04  2e-03  6e-03  0.7053  5e-02   1  1  1 |  0  0
 8  +8.222e+00  +8.197e+00  +4e-01  2e-05  1e-04  4e-04  2e-03  0.9890  2e-01   1  1  1 |  0  0
 9  +8.202e+00  +8.199e+00  +5e-02  2e-06  2e-05  4e-05  2e-04  0.8963  1e-02   1  1  1 |  0  0
10  +8.200e+00  +8.200e+00  +2e-03  8e-08  6e-07  2e-06  6e-06  0.9812  2e-02   1  0  0 |  0  0
11  +8.200e+00  +8.200e+00  +2e-05  9e-10  7e-09  2e-08  7e-08  0.9890  1e-04   1  0  0 |  0  0
12  +8.200e+00  +8.200e+00  +2e-07  9e-12  8e-11  2e-10  8e-10  0.9890  1e-04   1  0  0 |  0  0
13  +8.200e+00  +8.200e+00  +2e-09  1e-13  8e-13  2e-12  9e-12  0.9890  1e-04   1  0  0 |  0  0

OPTIMAL (within feastol=8.4e-13, reltol=3.0e-10, abstol=2.4e-09).
Runtime: 0.000784 seconds.

415 	8.02 		8.03 		0.01
