ECOS 2.0.10 - (C) embotech GmbH, Zurich Switzerland, 2012-15. Web: www.embotech.com/ECOS

It     pcost       dcost      gap   pres   dres    k/t    mu     step   sigma     IR    |   BT
 0  -8.958e-01  -2.483e+02  +2e+03  2e-01  7e-01  1e+00  8e+00    ---    ---    1  1  - |  -  - 
 1  +4.584e+00  -5.808e+01  +6e+02  6e-02  2e-01  7e-01  3e+00  0.7194  8e-02   1  1  1 |  0  0
 2  +9.133e+00  -1.410e+01  +2e+02  2e-02  7e-02  4e-01  1e+00  0.7235  1e-01   1  1  1 |  0  0
 3  +1.068e+01  +6.936e+00  +5e+01  3e-03  1e-02  5e-02  2e-01  0.8253  2e-02   1  1  1 |  0  0
 4  +9.815e+00  +8.640e+00  +2e+01  9e-04  5e-03  2e-02  7e-02  0.6630  5e-02   1  1  1 |  0  0
 5  +9.510e+00  +8.906e+00  +9e+00  5e-04  3e-03  9e-03  4e-02  0.5840  2e-01   1  1  1 |  0  0
 6  +9.290e+00  +9.029e+00  +4e+00  2e-04  1e-03  4e-03  2e-02  0.6379  1e-01   1  1  1 |  0  0
 7  +9.157e+00  +9.086e+00  +1e+00  5e-05  3e-04  1e-03  5e-03  0.7382  1e-02   1  1  1 |  0  0
 8  +9.133e+00  +9.103e+00  +5e-01  2e-05  1e-04  5e-04  2e-03  0.9869  4e-01   1  1  1 |  0  0
 9  +9.113e+00  +9.109e+00  +7e-02  3e-06  2e-05  7e-05  3e-04  0.8603  2e-03   1  1  0 |  0  0
10  +9.110e+00  +9.110e+00  +1e-03  5e-08  3e-07  1e-06  4e-06  0.9890  3e-03   1  0  0 |  0  0
11  +9.110e+00  +9.110e+00  +1e-05  5e-10  3e-09  1e-08  5Robust optimization=[0.23615, 0.23615, 0.23615, 0.23615, 0.23615, 0.23615, 0.23615, 0.23615, 0.23615, 0.1036, 0.1036, 0.11515, 0.1623, 0.1036, 0.12825, 0.11665, 0.1059, 0.07055, 0.1036, 0.1059, 0.11665, 0.07055, 0.07855, 0.07855, 0.07055, 0.07855, 0.07055, 0.07055, 0.07055, 0.0516, 0.0516, 0.0407, 0.03965, 0.02395, 0.02395, 0.0407, 0.02395, 0.02395, 0.02395, 0.02395, 0.02395]
Robustness optimization=[0.23615, 0.23615, 0.23615, 0.23615, 0.23615, 0.23615, 0.23615, 0.23615, 0.23615, 0.07055, 0.07055, 0.07055, 0.07055, 0.07055, 0.07055, 0.07055, 0.07055, 0.07055, 0.07055, 0.07055, 0.07055, 0.07055, 0.07055, 0.07055, 0.07055, 0.07055, 0.07055, 0.07055, 0.07055, 0.02395, 0.02395, 0.02395, 0.02395, 0.02395, 0.02395, 0.02395, 0.02395, 0.02395, 0.02395, 0.02395, 0.02395]
Processing time: 14.8275 seconds
e-08  0.9890  1e-04   1  0  0 |  0  0
12  +9.110e+00  +9.110e+00  +1e-07  6e-12  4e-11  1e-10  5e-10  0.9890  1e-04   1  0  0 |  0  0
13  +9.110e+00  +9.110e+00  +1e-09  6e-14  4e-13  1e-12  6e-12  0.9890  1e-04   1  0  0 |  0  0

OPTIMAL (within feastol=4.1e-13, reltol=1.5e-10, abstol=1.3e-09).
Runtime: 0.000632 seconds.

4 	8.97 		8.97 		0.00